0.00000000
0.00500000
0.01000000
0.01500000
0.02000000
0.02500000
0.03000000
0.03500000
0.04000000
0.04500000
0.05000000
0.05500000
0.06000000
0.06500000
0.07000000
0.07500000
0.08000000
0.08500000
0.09000000
0.09500000
0.10000000
0.10500000
0.11000000
0.11500000
0.12000000
0.12500000
0.13000000
0.13500001
0.14000000
0.14500000
0.15000001
0.15500000
0.16000000
0.16500001
0.17000000
0.17500000
0.18000001
0.18500000
0.19000000
0.19499999
0.20000000
0.20500000
0.20999999
0.21500000
0.22000000
0.22499999
0.23000000
0.23500000
0.23999999
0.24500000
0.25000000
0.25500000
0.25999999
0.26499999
0.27000001
0.27500001
0.28000000
0.28500000
0.28999999
0.29499999
0.30000001
0.30500001
0.31000000
0.31500000
0.31999999
0.32499999
0.33000001
0.33500001
0.34000000
0.34500000
0.34999999
0.35499999
0.36000001
0.36500001
0.37000000
0.37500000
0.38000000
0.38499999
0.38999999
0.39500001
0.40000001
0.40500000
0.41000000
0.41499999
0.41999999
0.42500001
0.43000001
0.43500000
0.44000000
0.44499999
0.44999999
0.45500001
0.46000001
0.46500000
0.47000000
0.47499999
0.47999999
0.48500001
0.49000001
0.49500000
0.50000000
0.50500000
0.50999999
0.51499999
0.51999998
0.52499998
0.52999997
0.53500003
0.54000002
0.54500002
0.55000001
0.55500001
0.56000000
0.56500000
0.56999999
0.57499999
0.57999998
0.58499998
0.58999997
0.59500003
0.60000002
0.60500002
0.61000001
0.61500001
0.62000000
0.62500000
0.63000000
0.63499999
0.63999999
0.64499998
0.64999998
0.65499997
0.66000003
0.66500002
0.67000002
0.67500001
0.68000001
0.68500000
0.69000000
0.69499999
0.69999999
0.70499998
0.70999998
0.71499997
0.72000003
0.72500002
0.73000002
0.73500001
0.74000001
0.74500000
0.75000000
0.75500000
0.75999999
0.76499999
0.76999998
0.77499998
0.77999997
0.78500003
0.79000002
0.79500002
0.80000001
0.80500001
0.81000000
0.81500000
0.81999999
0.82499999
0.82999998
0.83499998
0.83999997
0.84500003
0.85000002
0.85500002
0.86000001
0.86500001
0.87000000
0.87500000
0.88000000
0.88499999
0.88999999
0.89499998
0.89999998
0.90499997
0.91000003
0.91500002
0.92000002
0.92500001
0.93000001
0.93500000
0.94000000
0.94499999
0.94999999
0.95499998
0.95999998
0.96499997
0.97000003
0.97500002
0.98000002
0.98500001
0.99000001
0.99500000
1.00000000