0.00000000
0.00113259
0.00502769
0.01235675
0.02369138
0.03950360
0.06016695
0.08595850
0.11706156
0.15356916
0.19548820
0.24274419
0.29518655
0.35259438
0.41468263
0.48110849
0.55147827
0.62535435
0.70226192
0.78169644
0.86313039
0.94602031
1.02981350
1.11395490
1.19789280
1.28108540
1.36300610
1.44314860
1.52103220
1.59620560
1.66825060
1.73678600
1.80147000
1.86200270
1.91812750
1.96963270
2.01635190
2.05816480
2.09499650
2.12681630
2.15363790
2.17551710
2.19254950
2.20486900
2.21264550
2.21608070
2.21540640
2.21088100
2.20278640
2.19142340
2.17710970
2.16017560
2.14095970
2.11980720
2.09706500
2.07307890
2.04819060
2.02273390
1.99703290
1.97139870
1.94612680
1.92149580
1.89776460
1.87517090
1.85393020
1.83423450
1.81625090
1.80012190
1.78596450
1.77387020
1.76390520
1.75611100
1.75050470
1.74708020
1.74580880
1.74664130
1.74950780
1.75432100
1.76097660
1.76935540
1.77932520
1.79074280
1.80345490
1.81730140
1.83211650
1.84773060
1.86397240
1.88067050
1.89765500
1.91475950
1.93182240
1.94868800
1.96520880
1.98124520
1.99666790
2.01135800
2.02520850
2.03812410
2.05002140
2.06083130
2.07049660
2.07897350
2.08623170
2.09225320
2.09703280
2.10057710
2.10290500
2.10404560
2.10403900
2.10293360
2.10078790
2.09766700
2.09364340
2.08879520
2.08320520
2.07696080
2.07015110
2.06286790
2.05520390
2.04725120
2.03910180
2.03084520
2.02256850
2.01435590
2.00628710
1.99843730
1.99087660
1.98366930
1.97687380
1.97054180
1.96471890
1.95944330
1.95474670
1.95065340
1.94718110
1.94434060
1.94213600
1.94056500
1.93961890
1.93928370
1.93953930
1.94036110
1.94171940
1.94358090
1.94590800
1.94866050
1.95179550
1.95526770
1.95903050
1.96303640
1.96723690
1.97158400
1.97602950
1.98052670
1.98502990
1.98949530
1.99388070
1.99814700
2.00225730
2.00617770
2.00987770
2.01333000
2.01651070
2.01939960
2.02198000
2.02423930
2.02616810
2.02776030
2.02901410
2.02993060
2.03051450
2.03077270
2.03071590
2.03035760
2.02971270
2.02879910
2.02763650
2.02624630
2.02465080
2.02287410
2.02094080
2.01887580
2.01670500
2.01445360
2.01214720
2.00981040
2.00746750
2.00514170
2.00285530
2.00062890
1.99848230
1.99643360
1.99449870
1.99269250
1.99102750
1.98951460
1.98816260
1.98697870
1.98596780
1.98513310
1.98447590